CALSPHERE 1             
1 00900U 64063C   21275.90627370  .00000288  00000-0  29740-3 0  9992
2 00900  90.1694  36.2941 0028944  79.1604  46.9930 13.73593422835308
CALSPHERE 2             
1 00902U 64063E   21275.90369539  .00000007  00000-0 -30872-5 0  9994
2 00902  90.1821  39.1968 0018717 169.5486 317.0899 13.52700189623951
LCS 1                   
1 01361U 65034C   21275.72265527  .00000022  00000-0  17749-2 0  9996
2 01361  32.1421 297.2368 0012624  44.7914 315.3601  9.89300105 39700
TEMPSAT 1               
1 01512U 65065E   21275.85784042  .00000030  00000-0  41211-4 0  9992
2 01512  89.9013 220.9531 0071227  35.1633  18.4902 13.33438827731044
CALSPHERE 4A            
1 01520U 65065H   21275.82920350  .00000068  00000-0  11483-3 0  9990
2 01520  90.0054 130.1506 0067979 270.1513 103.3329 13.35854098733269
OPS 5712 (P/L 160)      
1 02826U 67053A   21275.88902529  .00000949  00000-0  26255-3 0  9994
2 02826  69.9279 172.8327 0007922 329.0151  31.0514 14.49682390815399
LES-5                   
1 02866U 67066E   21275.61282365 -.00000112  00000-0  00000-0 0  9992
2 02866   1.8392 258.2466 0054490  17.7877 201.9877  1.09426022112227
SURCAL 159              
1 02872U 67053F   21275.93670500  .00000037  00000-0  62505-4 0  9999
2 02872  69.9725  98.2283 0007676 217.4287 142.6286 13.98862855770275
OPS 5712 (P/L 153)      
1 02874U 67053H   21276.19591862 -.00000020  00000-0  24045-4 0  9993
2 02874  69.9743 196.1569 0010321 268.2949  91.6974 13.96376258767393
SURCAL 150B             
1 02909U 67053J   21275.93479108  .00001435  00000-0  29552-3 0  9998
2 02909  69.9477 174.3999 0004349 343.8370  16.2631 14.62586553825946
RIGIDSPHERE 2 (LCS 4)   
1 05398U 71067E   21276.15619340  .00000267  00000-0  86777-4 0  9997
2 05398  87.6152  94.0152 0064382 152.2984 208.1668 14.34036720627614
OSCAR 7 (AO-7)          
1 07530U 74089B   21275.90155624 -.00000030  00000-0  99928-4 0  9997
2 07530 101.8680 250.3381 0012107 174.3207 243.0913 12.53650577145438
STARLETTE               
1 07646U 75010A   21276.02980325 -.00000155  00000-0 -91716-5 0  9995
2 07646  49.8247  46.2391 0205784 147.2216 214.1637 13.82309835356867
LAGEOS 1                
1 08820U 76039A   21275.87881160  .00000034  00000-0  00000-0 0  9996
2 08820 109.8540 310.7681 0045241 309.7457 231.8279  6.38664910803404
PHASE 3B (AO-10)        
1 14129U 83058B   21275.36451529 -.00000179  00000-0  00000-0 0  9991
2 14129  26.2886 137.5558 5982570  12.8060 357.5995  2.05870347260094
UOSAT 2 (UO-11)         
1 14781U 84021B   21275.99012328  .00000301  00000-0  42791-4 0  9998
2 14781  97.5996 270.5702 0009985  88.3502 271.8857 14.83333682 22876
AJISAI (EGS)            
1 16908U 86061A   21275.89105500 -.00000106  00000-0 -63321-4 0  9998
2 16908  50.0116  31.0068 0011502 126.5789  22.9931 12.44494394266424
TDRS 3                  
1 19548U 88091B   21275.41928194 -.00000294  00000-0  00000-0 0  9994
2 19548  13.8954 353.3757 0035465 323.4751 156.2970  1.00281793108156
COSMOS 1989 (ETALON 1)  
1 19751U 89001C   21275.79830236  .00000076  00000-0  00000-0 0  9999
2 19751  64.2467 131.2481 0023363 212.1045 168.2998  2.13156375254744
COSMOS 2024 (ETALON 2)  
1 20026U 89039C   21275.86455263 -.00000066  00000-0  00000-0 0  9998
2 20026  65.5503   9.1151 0018433 219.2382  78.8621  2.13204294251860
FLTSATCOM 8 (USA 46)    
1 20253U 89077A   21276.03537140 -.00000074  00000-0  00000+0 0  9995
2 20253  12.9311   1.9923 0005221 135.7351 318.8728  1.00272660243370
LUSAT (LO-19)           
1 20442U 90005G   21275.87608827  .00000035  00000-0  29365-4 0  9996
2 20442  98.7535 232.3787 0011249 200.5489 159.5243 14.32999383656218
HST                     
1 20580U 90037B   21275.81673951  .00001045  00000-0  52154-4 0  9992
2 20580  28.4700  74.6305 0002749 135.8216   2.2470 15.09759136527231
SKYNET 4C               
1 20776U 90079A   21275.08165847  .00000131  00000-0  00000-0 0  9998
2 20776  13.8763   2.0344 0003032 211.3138 220.8303  1.00273102113652
TDRS 5                  
1 21639U 91054B   21275.67421875  .00000091  00000-0  00000-0 0  9997
2 21639  14.2519   6.7008 0021589   2.4298  77.6791  1.00278728110482
GEOTAIL                 
1 22049U 92044A   21270.24252918 -.00001066  00000-0  00000-0 0  9995
2 22049  41.6477  40.7754 5132372 187.4644 356.2015  0.19212962 12458
LAGEOS 2                
1 22195U 92070B   21275.53925583 -.00000009  00000-0  00000-0 0  9994
2 22195  52.6482 272.8165 0137279 155.8094   9.8388  6.47294031684156
TDRS 6                  
1 22314U 93003B   21276.09323196 -.00000289  00000-0  00000+0 0  9997
2 22314  14.1103   9.9097 0008528 118.0112 231.5187  1.00280317105145
SCD 1                   
1 22490U 93009B   21275.98479441  .00000264  00000-0  22865-4 0  9990
2 22490  24.9713   1.8399 0042963 337.6483 184.3033 14.44621927512687
UFO 2 (USA 95)          
1 22787U 93056A   21276.08980446  .00000131  00000-0  00000+0 0  9990
2 22787  11.4054  12.5492 0005850 193.4709 227.0357  1.00273419101439
STELLA                  
1 22824U 93061B   21275.94053395 -.00000030  00000-0  69609-5 0  9991
2 22824  98.9787 285.1455 0006486 171.4925 292.6686 14.27385663459643
EYESAT A (AO-27)        
1 22825U 93061C   21275.91268313  .00000021  00000-0  25913-4 0  9995
2 22825  98.9145 296.1471 0009514  83.1717 277.0547 14.30125922461342
ITAMSAT (IO-26)         
1 22826U 93061D   21275.92754128  .00000031  00000-0  29678-4 0  9994
2 22826  98.9087 296.0611 0009979  71.6089 288.6177 14.30466413461599
USA 99 (MILSTAR-1 1)    
1 22988U 94009A   21275.39141728 -.00000188  00000-0  00000-0 0  9991
2 22988  14.9261  45.8590 0003291 142.2443 234.1661  1.00270938 15739
ASTRA 1D                
1 23331U 94070A   21275.40261205 -.00000264  00000-0  00000-0 0  9992
2 23331   9.7519  39.4197 0003641 154.7705 249.1343  1.00271227 99052
USA 107 (DSP 17)        
1 23435U 94084A   21275.42896657 -.00000158  00000-0  00000-0 0  9991
2 23435  14.5870   7.8543 0001888 146.1139 275.0889  1.00268274 15725
RADIO ROSTO (RS-15)     
1 23439U 94085A   21275.92941886 -.00000037  00000-0  15882-3 0  9999
2 23439  64.8123 202.1326 0164168 316.5747  42.2342 11.27570618102459
UFO 4 (USA 108)         
1 23467U 95003A   21275.69779244 -.00000018  00000-0  00000-0 0  9994
2 23467   9.8819  18.8347 0005083 129.5345 286.8143  1.00270335 97723
AMSC 1                  
1 23553U 95019A   21275.48529998 -.00000087  00000-0  00000-0 0  9999
2 23553  11.7068  27.9236 0003121 191.3665 219.3705  1.00272078 96942
TDRS 7                  
1 23613U 95035B   21276.02685028 -.00000194  00000-0  00000+0 0  9990
2 23613  14.0698   0.5892 0026225  50.0023  55.6738  1.00268479 95922
USA 113                 
1 23628U 95038A   21275.89827851 -.00000333  00000-0  00000-0 0  9991
2 23628  11.8531  26.7413 0001443 171.7680 240.4491  1.00270791 15745
USA 115 (MILSTAR-1 2)   
1 23712U 95060A   21275.61869653 -.00000013  00000-0  00000-0 0  9991
2 23712  13.4220  16.2094 0002995 171.5721 286.5074  1.00272076 15654
POLAR                   
1 23802U 96013A   21275.02538251  .00000242  00000-0  00000-0 0  9995
2 23802  78.7232 244.2648 5941675 267.6315  27.3875  1.29847025122536
INMARSAT 3-F1           
1 23839U 96020A   21275.62742174  .00000121  00000-0  00000-0 0  9996
2 23839   7.0114  59.6855 0006812 110.1479 273.5945  0.99992500 93075
JAS-2 (FO-29)           
1 24278U 96046B   21275.88857564 -.00000002  00000-0  36479-4 0  9992
2 24278  98.5557 329.5785 0349516 231.1735 125.7723 13.53106259240775
INMARSAT 3-F2           
1 24307U 96053A   21275.90031406 -.00000150  00000-0  00000-0 0  9996
2 24307   5.9372  68.8204 0005797  79.0673 276.1839  0.99978371 91731
AMC-1 (GE-1)            
1 24315U 96054A   21275.59808325  .00000066  00000-0  00000-0 0  9998
2 24315   5.0107  75.2302 0003036 120.2914 260.4460  1.00273304 29092
INMARSAT 3-F3           
1 24674U 96070A   21275.64321067 -.00000243  00000-0  00000-0 0  9991
2 24674   6.5826  63.4064 0005976 115.7060  34.4549  1.00001654 90726
INTELSAT 26 (IS-26)     
1 24732U 97007A   21275.95720016 -.00000014  00000-0  00000+0 0  9993
2 24732   9.7027  40.2048 0002716 137.2756 245.1354  1.00272637 90056
GALAXY 25 (G-25)        
1 24812U 97026A   21275.65908438  .00000093  00000-0  00000-0 0  9993
2 24812   3.0523  86.1549 0003789 125.6494  87.5663  1.00403925 89144
NAVSTAR 43 (USA 132)    
1 24876U 97035A   21275.59630035  .00000015  00000-0  00000-0 0  9995
2 24876  55.4789 165.7340 0053248  54.0696 306.4934  2.00562534177488
INTELSAT 5 (IS-5)       
1 24916U 97046A   21275.59266510  .00000092  00000-0  00000-0 0  9990
2 24916   6.6808  62.7451 0003113 143.5577 241.5824  1.00272015 88399
FORTE                   
1 24920U 97047A   21275.76495252  .00000043  00000-0  41771-4 0  9992
2 24920  69.9526 290.0936 0019508  98.8927 261.4404 14.26444827253510
AMC-3 (GE-3)            
1 24936U 97050A   21275.85000491 -.00000260  00000-0  00000-0 0  9998
2 24936   3.9151  81.7975 0003031 126.6597  37.3435  1.00271273 35203
NSS-5                   
1 24957U 97053A   21276.09188972  .00000107  00000-0  00000+0 0  9990
2 24957   6.9196  61.0033 0003486 124.6562 269.9255  1.00272378 88015
USA 134                 
1 25019U 97065A   21275.49386854 -.00000056  00000-0  00000-0 0  9990
2 25019  10.7566  33.0738 0001242 323.0316  80.9641  1.00270363 15720
NAVSTAR 44 (USA 135)    
1 25030U 97067A   21275.47901459  .00000011  00000-0  00000-0 0  9997
2 25030  55.7526 231.3130 0020421 246.5999 289.9515  1.88438043174301
ASTRA 1G                
1 25071U 97076A   21275.65807411  .00000117  00000-0  00000-0 0  9992
2 25071   5.6566  70.1517 0003461 118.3914  79.3581  1.00270962 87271
ORBCOMM FM08            
1 25112U 97084A   21275.90283133  .00000312  00000-0  14490-3 0  9992
2 25112  45.0177 340.1764 0010129 260.7442  99.2261 14.39326176246092
ORBCOMM FM10            
1 25113U 97084B   21275.88866946  .00000318  00000-0  14696-3 0  9993
2 25113  45.0188 341.7678 0007949 238.6855 121.3216 14.39325932246258
ORBCOMM FM11            
1 25114U 97084C   21275.91254247  .00000293  00000-0  13913-3 0  9996
2 25114  45.0173 341.1319 0008752 239.3575 120.6411 14.39252640246220
ORBCOMM FM12            
1 25115U 97084D   21275.87704565  .00000257  00000-0  12758-3 0  9991
2 25115  45.0180 340.9843 0007665 240.3485 119.6601 14.39269931246019
ORBCOMM FM09            
1 25116U 97084E   21275.87712426  .00000262  00000-0  12911-3 0  9994
2 25116  45.0187 341.5221 0008628 229.4258 130.5840 14.39272611246252
ORBCOMM FM05            
1 25117U 97084F   21275.58006181  .00000266  00000-0  13063-3 0  9990
2 25117  45.0181 343.2073 0004452 249.3367 110.7004 14.39253484245263
ORBCOMM FM06            
1 25118U 97084G   21275.92543479  .00000260  00000-0  12869-3 0  9992
2 25118  45.0178 341.0881 0004386 253.0522 276.5099 14.39304331246268
ORBCOMM FM07            
1 25119U 97084H   21275.58302043  .00000251  00000-0  12555-3 0  9997
2 25119  45.0173 343.0387 0005950 240.4186 119.6070 14.39287740246182
INMARSAT 3-F5           
1 25153U 98006B   21275.85358084 -.00000287  00000-0  00000-0 0  9995
2 25153   5.8267  67.5075 0004668 127.2252  70.3509  1.00275174 86668
ORBCOMM FM04            
1 25159U 98007C   21275.82972351  .00000287  00000-0  16044-3 0  9995
2 25159 107.9939 249.3207 0041997  79.4365 281.1499 14.30031790230639
CELESTIS-02 & TAURUS R/B
1 25160U 98007D   21275.77622116 -.00000058  00000-0  31872-4 0  9996
2 25160 107.9824 108.0281 0062948 192.6711 178.7790 14.21576334226244
UFO 8 (USA 138)         
1 25258U 98016A   21275.69779244 -.00000021  00000-0  00000-0 0  9995
2 25258   9.1511  30.8987 0004275 157.3895 246.1920  1.00270720 86627
NOAA 15                 
1 25338U 98030A   21276.06749002  .00000057  00000-0  42505-4 0  9999
2 25338  98.6751 303.5921 0009757 332.9630  27.1041 14.26060916216588
TECHSAT 1B (GO-32)      
1 25397U 98043D   21275.86176912  .00000010  00000-0  23897-4 0  9991
2 25397  98.7800 221.1611 0002198 111.6052 248.5360 14.23716908206771
ORBCOMM FM18            
1 25414U 98046B   21275.85436816  .00000307  00000-0  16139-3 0  9994
2 25414  44.9951  82.2327 0003078 358.2096   1.8739 14.33213859209845
ORBCOMM FM19            
1 25415U 98046C   21275.85593837  .00000181  00000-0  11603-3 0  9993
2 25415  44.9958  82.9022 0001910 345.0735 155.0509 14.33174617209811
ORBCOMM FM20            
1 25416U 98046D   21275.84555717  .00000188  00000-0  11866-3 0  9996
2 25416  44.9953  83.2620 0000794 150.7468 209.3423 14.33145055209922
ORBCOMM FM15            
1 25418U 98046F   21275.92102226  .00000234  00000-0  13503-3 0  9992
2 25418  44.9986  84.6869 0002743  28.5996 128.3199 14.33235645209840
ORBCOMM FM14            
1 25419U 98046G   21275.92323694  .00000290  00000-0  15523-3 0  9993
2 25419  44.9979  84.3649 0001322  24.1701 133.8037 14.33254244209796
ORBCOMM FM13            
1 25420U 98046H   21275.74777984  .00000189  00000-0  11910-3 0  9993
2 25420  44.9987  87.1298 0003669   0.7249 359.3602 14.33057204208879
ASTRA 2A                
1 25462U 98050A   21275.67535314  .00000148  00000-0  00000-0 0  9995
2 25462   2.7598  88.2592 0002041  98.5012  95.9767  1.00269075 29103
ORBCOMM FM21            
1 25475U 98053A   21275.78804335  .00000135  00000-0  99645-4 0  9999
2 25475  45.0091 170.6368 0001906 350.2298   9.8511 14.33133395202890
ORBCOMM FM23            
1 25477U 98053C   21275.77679925  .00000168  00000-0  11179-3 0  9996
2 25477  45.0092 172.6768 0002734 332.3248  27.7452 14.33001883203042
ORBCOMM FM27            
1 25481U 98053G   21276.11358658  .00000211  00000-0  12701-3 0  9998
2 25481  45.0065 169.8824 0001480  24.0039 336.0876 14.33123676203386
SCD 2                   
1 25504U 98060A   21275.56646037  .00000265  00000-0  24009-4 0  9995
2 25504  24.9948 217.4596 0017106 345.2623 175.4870 14.44137437211529
ISS (ZARYA)             
1 25544U 98067A   21276.48886574  .00005914  00000-0  11575-3 0  9999
2 25544  51.6455 167.2248 0004114  53.9652 304.3802 15.48917523305371
SWAS                    
1 25560U 98071A   21275.74227980  .00000407  00000-0  46491-4 0  9998
2 25560  69.8972 275.1207 0009308 328.7158  31.3443 14.94154334239526
GLOBALSTAR M023         
1 25621U 99004A   21276.13870060 -.00000017  00000-0  48169-3 0  9991
2 25621  52.0099 213.0405 0010189  18.9659  83.4933 12.62394277 44927
JCSAT-4A                
1 25630U 99006A   21275.89134632 -.00000307  00000-0  00000-0 0  9994
2 25630   5.6432  70.7698 0010895 175.6833 222.2920  1.00273276 33385
SKYNET 4E               
1 25639U 99009B   21275.10016855 -.00000029  00000-0  00000-0 0  9997
2 25639  11.1181  18.3130 0003065 189.7873 197.7739  1.00270578 34159
GLOBALSTAR M037         
1 25652U 99012D   21275.91416336 -.00000070  00000-0  18571-3 0  9994
2 25652  52.0027 344.8544 0002237  76.6317  94.4151 12.62341353 40350
ASIASAT 3S              
1 25657U 99013A   21275.82200788 -.00000220  00000-0  00000-0 0  9994
2 25657   5.8215  69.3107 0002703  96.0794 290.2198  1.00272502 82595
LANDSAT 7               
1 25682U 99020A   21276.10950785 -.00000362  00000-0 -70482-4 0  9994
2 25682  98.0203 329.0980 0001326 103.3421 256.7934 14.57202922195076
NIMIQ 1                 
1 25740U 99027A   21275.84712671 -.00000199  00000-0  00000-0 0  9998
2 25740   2.2315  89.6909 0004779 108.4572  32.0952  1.00270633 81820
DLR-TUBSAT              
1 25757U 99029B   21276.07085843  .00000000  00000-0  11606-4 0  9996
2 25757  98.4569 211.5505 0014400 179.4382 180.6831 14.51451876184047
CXO                     
1 25867U 99040B   21279.18156048  .00001054  00000-0  00000+0 0  9993
2 25867  52.3918 250.4236 8487804 227.4312   0.4753  0.37815922 21997
ABS-7                   
1 25894U 99046A   21276.01458552  .00000154  00000-0  00000+0 0  9993
2 25894   2.1147  90.3140 0003896  97.2670 223.0299  1.00269418 79913
ABS-6                   
1 25924U 99053A   21275.82427556 -.00000122  00000-0  00000-0 0  9990
2 25924   0.0383  56.8405 0001576 134.4561 276.2122  1.00271619 80624
NAVSTAR 46 (USA 145)    
1 25933U 99055A   21275.92432787 -.00000083  00000-0  00000-0 0  9991
2 25933  52.4133   9.7012 0149583 126.0270  38.8813  2.00566147161111
AMC-4 (GE-4)            
1 25954U 99060A   21275.62210389  .00000085  00000-0  00000-0 0  9990
2 25954   0.8701  94.5776 0003299 112.2090 253.8480  1.00272814 26327
UFO 10 (USA 146)        
1 25967U 99063A   21275.64460617 -.00000179  00000-0  00000-0 0  9995
2 25967   8.4025  34.2319 0004627 145.8451  41.3745  1.00270658 80112
ORBCOMM FM30            
1 25980U 99065A   21275.91090481  .00000212  00000-0  12777-3 0  9994
2 25980  45.0344 346.9673 0004780 119.4059 240.7265 14.33066575140654
ORBCOMM FM31            
1 25981U 99065B   21275.89445963  .00000277  00000-0  15105-3 0  9990
2 25981  45.0256 341.6130 0003330 166.8724 193.2210 14.33087460139670
ORBCOMM FM32            
1 25982U 99065C   21275.91012518  .00000039  00000-0  65880-4 0  9992
2 25982  45.0193 348.6162 0005990 151.4511 208.6664 14.32216553140549
ORBCOMM FM33            
1 25983U 99065D   21275.72876253  .00000226  00000-0  12724-3 0  9992
2 25983  45.0299 282.3337 0006628 132.9860  37.8188 14.35324279141389
ORBCOMM FM36            
1 25984U 99065E   21275.89552803  .00000069  00000-0  75740-4 0  9996
2 25984  45.0398 350.4841 0001443 333.9946  26.0828 14.33110280140647
ORBCOMM FM35            
1 25985U 99065F   21275.90101321  .00000214  00000-0  12840-3 0  9997
2 25985  45.0424 351.8302 0003470 170.7241 189.3671 14.33107795140468
XMM-NEWTON              
1 25989U 99066A   21276.21621758  .00000154  00000-0  00000-0 0  9993
2 25989  70.6356 309.7929 6419745  89.4451   0.0077  0.50136429 14399
DMSP 5D-3 F15 (USA 147) 
1 25991U 99067A   21275.93700277  .00000058  00000-0  52327-4 0  9995
2 25991  99.0285 258.4614 0009777 193.9280 225.9854 14.16471517127319
TERRA                   
1 25994U 99068A   21276.16871338  .00000098  00000-0  31668-4 0  9991
2 25994  98.1676 348.5746 0001352  91.7224 297.7468 14.57133194159153
CELESTIS-03 & TAURUS R/B
1 26034U 99070C   21275.92051186  .00006644  00000-0  38362-3 0  9994
2 26034  98.2969 253.1326 0010099 286.9555  73.0566 15.12672960182086
GALAXY 11 (G-11)        
1 26038U 99071A   21275.84581844 -.00000163  00000-0  00000-0 0  9995
2 26038   2.3704  90.8130 0000954 316.5592 175.8294  1.00271704 79854
USA 148                 
1 26052U 00001A   21275.65985678  .00000044  00000-0  00000-0 0  9995
2 26052   9.1333  43.9029 0001256 141.1621 244.3458  1.00273101 15734
GLOBALSTAR M063         
1 26081U 00008A   21275.90980935 -.00000068  00000-0  21777-3 0  9997
2 26081  51.9951  75.4535 0003947 237.4804 290.5675 11.86128411996987
MTI                     
1 26102U 00014A   21276.22404569  .00029495  00000-0  31146-3 0  9993
2 26102  97.4563 188.6524 0003495 283.2744  76.8125 15.64166189198174
ASIASTAR                
1 26107U 00016A   21275.89714622 -.00000332  00000-0  00000-0 0  9998
2 26107   5.0776  73.9163 0004191 125.7546 240.1615  1.00269623 78695
IMAGE                   
1 26113U 00017A   21274.74406503 -.00000016  00000-0 -15375-1 0  9997
2 26113  94.9246 286.4070 7587068 124.7334 330.5578  1.68650156132501
USA 149 (DSP 20)        
1 26356U 00024A   21275.62773657  .00000105  00000-0  00000-0 0  9994
2 26356  11.8945  23.1862 0003630 216.8304 192.7367  1.00288262 15684
NAVSTAR 47 (USA 150)    
1 26360U 00025A   21275.79751493  .00000040  00000-0  00000-0 0  9990
2 26360  53.8551  89.5298 0055037 173.8526  58.9043  2.00564522156804
EUTELSAT 80A            
1 26369U 00028A   21275.64652497 -.00000110  00000-0  00000-0 0  9999
2 26369   4.3883  77.4066 0014573 162.9005 351.4878  1.00223276 78203
TDRS 8                  
1 26388U 00034A   21275.96185781 -.00000226  00000-0  00000+0 0  9996
2 26388   9.9626  44.3006 0016326 335.9087  67.0137  1.00265353 77947
CLUSTER II-FM7 (SAMBA)  
1 26410U 00041A   21276.04247297 -.00000016  00000-0  00000-0 0  9999
2 26410 133.1383 345.3964 5111391 194.2911   0.5935  0.44192262 12677
CLUSTER II-FM6 (SALSA)  
1 26411U 00041B   21278.29825933 -.00000059  00000-0  00000-0 0  9995
2 26411 134.2589 347.6321 6662960 198.9279   0.6044  0.44213871 12720
INTELSAT 9 (IS-9)       
1 26451U 00043A   21275.85436581 -.00000285  00000-0  00000-0 0  9998
2 26451   6.6669  62.9212 0002826 143.8172  62.6437  1.00270232 26912
CLUSTER II-FM5 (RUMBA)  
1 26463U 00045A   21278.30153786  .00000039  00000-0  00000-0 0  9995
2 26463 137.8860 347.7390 6206018 199.3811   0.6082  0.44214228 12617
CLUSTER II-FM8 (TANGO)  
1 26464U 00045B   21276.04241738 -.00000015  00000-0  00000-0 0  9995
2 26464 133.1400 345.3939 5107786 194.2867   0.6933  0.44220616 12697
NSS-11 (AAP-1)          
1 26554U 00059A   21275.82767706  .00000023  00000-0  00000-0 0  9991
2 26554   0.0354  62.9931 0002728 153.0979 269.6523  1.00272762 24072
USA 153                 
1 26575U 00065A   21275.75381807 -.00000320  00000-0  00000-0 0  9998
2 26575   8.6671  47.2243 0001224 115.9229 254.3155  1.00275894 15709
AMC-6 (GE-6)            
1 26580U 00067A   21275.69309946  .00000102  00000-0  00000-0 0  9990
2 26580   0.0353  63.6432 0002680 129.6603 288.8582  1.00272995 76695
INTELSAT 12 (IS-12)     
1 26590U 00068A   21276.16407741  .00000012  00000-0  00000+0 0  9996
2 26590   4.0469  81.9912 0002384  93.8481 319.5930  1.00272473 76578
INTELSAT 1R (IS-1R)     
1 26608U 00072A   21275.82392668 -.00000138  00000-0  00000+0 0  9994
2 26608   3.8145  82.9770 0000805 224.6351 157.8627  1.00272012 76424
ANIK F1                 
1 26624U 00076A   21276.22398566 -.00000064  00000-0  00000+0 0  9992
2 26624   0.7856  95.7944 0007476  56.8823 190.9266  1.00271879 76496
ASTRA 2D                
1 26638U 00081A   21275.66775490  .00000125  00000-0  00000-0 0  9993
2 26638   6.7508  61.9646 0005512 169.6333  44.5403  1.00176090 35674
AMC-8 (GE-8)            
1 26639U 00081B   21275.62210389  .00000086  00000-0  00000-0 0  9997
2 26639   1.8005  91.2506 0002627 103.8570 265.4213  1.00272479 76105
NAVSTAR 50 (USA 156)    
1 26690U 01004A   21275.45067319  .00000048  00000-0  00000-0 0  9992
2 26690  53.7544  96.3033 0000211   9.8938   1.7229  1.91595434150613
ODIN                    
1 26702U 01007A   21275.93042288  .00001355  00000-0  90362-4 0  9996
2 26702  97.5355 290.4952 0012279  92.0595 268.2040 15.08680939127433
USA 157 (MILSTAR-2 2)   
1 26715U 01009A   21275.55968951  .00000019  00000-0  00000-0 0  9996
2 26715   9.7677  28.3127 0002573 181.5443 238.8214  1.00273178 15727
EUTELSAT 133 WEST A     
1 26719U 01011A   21275.59709064  .00000077  00000-0  00000-0 0  9999
2 26719   3.0793  85.0969 0002768 111.4091 257.1412  1.00270601 75311
BSAT-2A                 
1 26720U 01011B   21275.57664747  .00000004  00000-0  00000-0 0  9997
2 26720   7.0712  60.5938 0004060 127.1343 235.0947  0.99178802 74935
INTELSAT 10 (IS-10)     
1 26766U 01019A   21275.65730400  .00000036  00000-0  00000-0 0  9999
2 26766   4.9682  75.4623 0003186 138.4417 212.1368  1.00271227 28387
INTELSAT 901 (IS-901)   
1 26824U 01024A   21275.64347233 -.00000204  00000-0  00000-0 0  9995
2 26824   0.0126 121.4481 0000887  85.0738   9.2392  1.00272138  5743
ASTRA 2C                
1 26853U 01025A   21275.84991769 -.00000258  00000-0  00000-0 0  9998
2 26853   3.9412  81.5884 0002572 113.6589  50.0720  1.00270814 27813
ICO F2                  
1 26857U 01026A   21275.37307876 -.00000002  00000-0  00000-0 0  9998
2 26857  44.8780 280.9091 0015438 341.5188  18.4610  3.92403531138115
USA 159 (DSP 21)        
1 26880U 01033A   21275.41928194 -.00000291  00000-0  00000-0 0  9999
2 26880  11.1931  27.3471 0001938 223.0518 222.8380  1.00276205 15732
INTELSAT 902 (IS-902)   
1 26900U 01039A   21275.85436581 -.00000284  00000-0  00000-0 0  9992
2 26900   1.7595  91.7538 0003081 104.5840  72.9389  1.00271160 73469
PCSAT (NO-44)           
1 26931U 01043C   21275.69971802 -.00000011  00000-0  27447-4 0  9999
2 26931  67.0536   3.6549 0005489 270.5743  89.4729 14.30634650 44538
PROBA-1                 
1 26958U 01049B   21276.05357697  .00000863  00000-0  78661-4 0  9993
2 26958  97.7821 231.7887 0073709 121.9256 238.9150 14.95780576 85995
BIRD 2                  
1 26959U 01049C   21276.12011426  .00005099  00000-0  13143-3 0  9998
2 26959  97.7860 346.4466 0007024 202.1270 157.9673 15.39682841107306
TIMED                   
1 26998U 01055B   21275.89146718  .00000320  00000-0  38633-4 0  9998
2 26998  74.0717  72.6025 0001282 327.1845  32.9256 14.88353754 74687
MAROC-TUBSAT            
1 27004U 01056D   21275.92397502 -.00000032  00000-0  15027-4 0  9994
2 27004  99.5878  51.8401 0019186 234.8816 237.2423 13.70148939990878
COSMOS 2385             
1 27056U 01058B   21275.74468227  .00000019  00000-0  46306-4 0  9994
2 27056  82.5351 238.7733 0006221 136.3762 223.7822 12.60514250909435
COSMOS 2386             
1 27057U 01058C   21276.19144781  .00000021  00000-0  60065-4 0  9992
2 27057  82.5423 233.9444 0001735  46.0312 314.0922 12.61560807910229
USA 164 (MILSTAR-2 3)   
1 27168U 02001A   21275.04563545  .00000105  00000-0  00000+0 0  9991
2 27168   9.2393  30.0262 0002250 181.7758 194.6038  1.00275487 14416
RHESSI                  
1 27370U 02004A   21275.73959950  .00008449  00000-0  23886-3 0  9994
2 27370  38.0324 158.6803 0012735 248.3329 111.6087 15.35943587 86896
ECHOSTAR 7              
1 27378U 02006A   21276.15147448 -.00000003  00000-0  00000+0 0  9990
2 27378   0.0339  65.3833 0002115  80.0287 162.4012  1.00271649 71831
INTELSAT 904 (IS-904)   
1 27380U 02007A   21275.64312346 -.00000214  00000-0  00000-0 0  9993
2 27380   2.5924  88.5954 0002847 107.1397  17.8760  1.00270344 34537
TDRS 9                  
1 27389U 02011A   21275.85183649 -.00000283  00000-0  00000-0 0  9998
2 27389   8.4735  63.1272 0022582 286.1807 266.6956  1.00278887 73214
ASTRA 3A                
1 27400U 02015B   21275.84703949 -.00000201  00000-0  00000-0 0  9996
2 27400   6.8630  60.7773 0000981 138.7878  30.3526  1.00274634 71495
NSS-7                   
1 27414U 02019A   21275.64504226 -.00000156  00000-0  00000-0 0  9999
2 27414   5.3000  73.3294 0002179 123.5108  26.9596  1.00272203 71333
AQUA                    
1 27424U 02022A   21276.12879833  .00000227  00000-0  60413-4 0  9993
2 27424  98.2161 215.9402 0001126  37.6145  24.5540 14.57110864 32751
DIRECTV 5 (TEMPO 1)     
1 27426U 02023A   21275.61523139 -.00000058  00000-0  00000-0 0  9999
2 27426   0.4767  96.0294 0003383 105.0880 281.8148  1.00272203 70899
INTELSAT 905 (IS-905)   
1 27438U 02027A   21275.64417007 -.00000185  00000-0  00000-0 0  9996
2 27438   2.4140  89.3793 0002484 104.2196  25.4153  1.00271740 34130
GALAXY 3C (G-3C)        
1 27445U 02030A   21275.91716288 -.00000154  00000-0  00000+0 0  9996
2 27445   0.0285 276.5579 0001301  47.2830 283.1468  1.00272423 70728
EUTELSAT 5 WEST A       
1 27460U 02035A   21276.07869084 -.00000044  00000-0  00000+0 0  9997
2 27460   1.6821  92.1060 0005147 107.6032 195.6341  1.00272195 70523
COSMOS 2390             
1 27464U 02036A   21275.78112481  .00000003  00000-0 -52219-4 0  9990
2 27464  82.4887 339.3904 0026250  59.2586 301.1080 12.44577566874057
COSMOS 2391             
1 27465U 02036B   21275.75912562  .00000003  00000-0 -51969-4 0  9997
2 27465  82.4882 336.6423 0027097  55.6695 304.6946 12.44897979874265
METEOSAT-8 (MSG-1)      
1 27509U 02040B   21276.01615545  .00000139  00000-0  00000+0 0  9996
2 27509   7.5629  51.9342 0001323 179.1323 188.1385  1.00269367 70020
INTELSAT 906 (IS-906)   
1 27513U 02041A   21275.87712976  .00000012  00000-0  00000-0 0  9992
2 27513   1.4259  93.4291 0003285 104.2138 194.0898  1.00272332 69796
HISPASAT 30W-4          
1 27528U 02044A   21276.14553024  .00000116  00000-0  00000+0 0  9993
2 27528   2.2006  89.5334 0004364  98.6107  93.3266  1.00270544 69711
INTEGRAL                
1 27540U 02048A   21273.72313657 -.00000083  00000-0  00000+0 0  9992
2 27540  67.4731  76.8126 8976603 299.9802 276.2515  0.37579763 20160
TDRS 10                 
1 27566U 02055A   21276.11732848  .00000093  00000-0  00000+0 0  9991
2 27566   7.7360  51.3226 0005363 333.7321 218.0895  1.00274339 69006
NSS-6                   
1 27603U 02057A   21275.83055527  .00000106  00000-0  00000-0 0  9991
2 27603   0.9600  94.5036 0003342 101.5761 305.2110  1.00274827 68811
LATINSAT B              
1 27606U 02058B   21275.98839283  .00000060  00000-0  30911-4 0  9997
2 27606  64.5550  93.8121 0059165   2.9430 357.2007 14.72390414  8834
SAUDISAT 1C (SO-50)     
1 27607U 02058C   21275.70740165  .00000130  00000-0  39043-4 0  9991
2 27607  64.5573  10.3558 0053999 349.6350  10.3634 14.75795806 10337
LATINSAT A              
1 27612U 02058H   21276.10026788  .00000207  00000-0  46357-4 0  9991
2 27612  64.5551 228.4785 0046204 315.7633  43.9780 14.79626577 13252
NIMIQ 2                 
1 27632U 02062A   21275.68011569  .00000137  00000-0  00000-0 0  9994
2 27632   5.4078  72.4419 0001121  62.0315 154.2554  1.00012371 26958
CORIOLIS                
1 27640U 03001A   21275.96411382  .00000025  00000-0  32845-4 0  9997
2 27640  98.7231 284.0625 0015156 116.3704 299.6865 14.19083454970457
SORCE                   
1 27651U 03004A   21275.54642275  .00000471  00000-0  62738-4 0  9992
2 27651  39.9948 216.8279 0021776 101.3332 258.9905 14.89383983 14601
NAVSTAR 51 (USA 166)    
1 27663U 03005A   21275.74536832  .00000030  00000-0  00000-0 0  9990
2 27663  55.6964 283.2868 0121099  38.0529 135.0330  2.00552925136844
USA 167                 
1 27691U 03008A   21276.14469272  .00000058  00000-0  00000+0 0  9991
2 27691   7.5394  56.1772 0002225  40.9844 196.8982  1.00274662 14391
NAVSTAR 52 (USA 168)    
1 27704U 03010A   21275.73576894 -.00000064  00000-0  00000-0 0  9991
2 27704  54.9142  33.7594 0243044 297.9217  85.1826  2.00568230135647
USA 169 (MILSTAR-2 4)   
1 27711U 03012A   21275.89028267 -.00000190  00000-0  00000-0 0  9994
2 27711   9.7416  41.8433 0002752 157.2865 285.3529  1.00270527 15723
GALAXY 12 (G-12)        
1 27715U 03013B   21275.60042097  .00000057  00000-0  00000-0 0  9996
2 27715   2.6271  88.1438 0001827 113.5024 257.0578  1.00271655 34860
ASIASAT 4               
1 27718U 03014A   21275.93243715  .00000151  00000-0  00000-0 0  9991
2 27718   0.3223  97.8640 0002213  93.1629 194.7166  1.00269975 28068
HELLAS-SAT 2            
1 27811U 03020A   21275.84538235 -.00000151  00000-0  00000-0 0  9997
2 27811   3.0452  87.2768 0004348 100.8453  32.8244  1.00272674 25619
THURAYA-2               
1 27825U 03026A   21276.01667876  .00000130  00000-0  00000+0 0  9997
2 27825   6.4234  34.0222 0004533 126.2961 261.6375  1.00272906 67112
OPTUS C1                
1 27831U 03028B   21276.13975668 -.00000150  00000-0  00000+0 0  9993
2 27831   2.5562  89.2187 0005963 101.7456  27.1663  1.00271662 67097
MOST                    
1 27843U 03031D   21276.00509211  .00000016  00000-0  27848-4 0  9997
2 27843  98.7108 282.3964 0010250 164.7357 195.4130 14.20646064946694
CUTE-1 (CO-55)          
1 27844U 03031E   21275.89646410  .00000114  00000-0  70841-4 0  9997
2 27844  98.6823 282.4858 0010784 124.2686 235.9514 14.22336454947259
CUBESAT XI-IV (CO-57)   
1 27848U 03031J   21275.92171011  .00000090  00000-0  60452-4 0  9995
2 27848  98.6877 283.0680 0010503 136.5689 223.6318 14.21910060947087
GALAXY 23 (G-23)        
1 27854U 03034A   21275.62489486  .00000010  00000-0  00000-0 0  9991
2 27854   0.0371 251.4590 0002974 299.5692 284.5108  1.00271731 66517
SCISAT 1                
1 27858U 03036A   21275.86521973  .00000142  00000-0  24912-4 0  9999
2 27858  73.9341 332.5841 0006622  65.5050 294.6814 14.77375692977381
COSMOS 2400             
1 27868U 03037A   21275.78138794  .00000003  00000-0 -47989-4 0  9993
2 27868  82.4734 327.2886 0020955 212.6848 147.2944 12.45143356823782
COSMOS 2401             
1 27869U 03037B   21275.77666356  .00000003  00000-0 -45880-4 0  9991
2 27869  82.4722 324.4155 0021786 210.3939 149.5876 12.45460735823992
USA 170                 
1 27875U 03040A   21275.30118758 -.00000270  00000-0  00000-0 0  9996
2 27875   6.8412  61.5673 0004527 125.0939 250.7186  1.00269383 15734
MOZHAYETS 4 (RS-22)     
1 27939U 03042A   21276.14848336  .00000285  00000-0  59536-4 0  9991
2 27939  98.1562  52.5857 0011735 303.1621  56.8466 14.67030055963316
GALAXY 13 (HORIZONS 1)  
1 27954U 03044A   21275.62367381  .00000046  00000-0  00000-0 0  9991
2 27954   0.0197 136.8412 0003370  46.1718 286.0653  1.00269571 29340
IRS-P6 (RESOURCESAT-1)  
1 28051U 03046A   21276.09121074  .00000023  00000-0  22926-4 0  9991
2 28051  98.4380 348.6962 0059539  63.7326 296.9963 14.34187057934130
DMSP 5D-3 F16 (USA 172) 
1 28054U 03048A   21276.03953292  .00000022  00000-0  35790-4 0  9997
2 28054  98.9647 260.8659 0007019 333.2362 113.3305 14.13637526926662
CHUANGXIN 1 (CX-1)      
1 28058U 03049B   21275.84703035  .00000059  00000-0  29192-4 0  9997
2 28058  98.7192 117.7539 0012531 341.2275  18.8453 14.47062211947670
YAMAL 202               
1 28089U 03053A   21275.82514773 -.00000080  00000-0  00000-0 0  9991
2 28089   1.9897  90.6707 0006004  69.0940 312.5691  1.00273045 65459
UFO 11 (USA 174)        
1 28117U 03057A   21276.02520675 -.00000090  00000-0  00000+0 0  9998
2 28117   6.6357  37.8630 0002363  86.3304 331.2724  1.00271955 65196
NAVSTAR 53 (USA 175)    
1 28129U 03058A   21275.78669322  .00000043  00000-0  00000-0 0  9995
2 28129  53.6657  92.1713 0068981 307.8787  51.5536  2.00557838130323
USA 176 (DSP 22)        
1 28158U 04004A   21275.88175230 -.00000215  00000-0  00000-0 0  9992
2 28158   9.7586  36.6539 0000750 173.6426 206.2732  1.00275589 15706
ABS-4 (MOBISAT-1)       
1 28184U 04007A   21276.09821778  .00000039  00000-0  00000+0 0  9995
2 28184   1.6755  91.9034 0005271 100.8674 275.6275  1.00269989 64352
EUTELSAT 7A             
1 28187U 04008A   21276.13937625  .00000103  00000-0  00000+0 0  9995
2 28187   1.4633  90.2308 0004163 107.9045  84.9326  1.00274159 64345
NAVSTAR 54 (USA 177)    
1 28190U 04009A   21275.29961308 -.00000063  00000-0  00000-0 0  9998
2 28190  56.1384 344.2181 0088647 112.3945 259.6956  2.00566221128478
SHIYAN 1 (SY-1)         
1 28220U 04012A   21275.90422719  .00001971  00000-0  16074-3 0  9991
2 28220  97.9135 256.8473 0017056 117.7839 242.5115 15.00568363951439
AMC-11 (GE-11)          
1 28252U 04017A   21275.60259277  .00000066  00000-0  00000-0 0  9998
2 28252   0.0382  52.0120 0002615 144.5403 260.9362  1.00271463 63651
FORMOSAT-2 (ROCSAT 2)   
1 28254U 04018A   21276.05438163  .00000268  00000-0  20774-3 0  9991
2 28254  98.6685 292.6787 0001676  72.6821 348.4126 14.00664370888229
INTELSAT 10-02          
1 28358U 04022A   21276.09215932 -.00000014  00000-0  00000+0 0  9998
2 28358   0.0161 125.2509 0001110  83.0330 195.9351  1.00271942 63390
APRIZESAT 2             
1 28366U 04025A   21276.10216615  .00000037  00000-0  25183-4 0  9999
2 28366  98.2002 152.8027 0108313  29.3053 331.4151 14.36753434904866
SAUDICOMSAT 1           
1 28369U 04025D   21275.83305913  .00000123  00000-0  41247-4 0  9996
2 28369  98.4004 231.4434 0032383 243.2976 116.4904 14.52648120914448
SAUDICOMSAT 2           
1 28370U 04025E   21275.86507712  .00000114  00000-0  42809-4 0  9997
2 28370  98.4923 229.7921 0058918  62.8049 297.9132 14.47569530911366
SAUDISAT 2              
1 28371U 04025F   21275.86396894  .00000127  00000-0  40554-4 0  9994
2 28371  98.3370 227.6823 0025561 175.1064 185.0401 14.54447806915845
APRIZESAT 1             
1 28372U 04025G   21275.88783954  .00000091  00000-0  35575-4 0  9991
2 28372  98.4531 230.3771 0045950 341.1670  18.7822 14.49693246912785
AURA                    
1 28376U 04026A   21275.91658288  .00000219  00000-0  58734-4 0  9995
2 28376  98.2101 217.8920 0001134  83.5717 276.5611 14.57103549915729
ANIK F2                 
1 28378U 04027A   21275.62690088 -.00000053  00000-0  00000-0 0  9996
2 28378   0.0488  84.8821 0001395 129.2247 272.0783  1.00274379 24037
COSMOS 2407             
1 28380U 04028A   21275.60533346  .00000028  00000-0  12944-4 0  9996
2 28380  82.9567 267.2909 0040021  20.3899 339.8850 13.76096174863707
SJ-6A                   
1 28413U 04035A   21275.99538371  .00000407  00000-0  42953-4 0  9990
2 28413  97.7313 295.6733 0011983 187.1645 172.9408 14.94461601929567
SJ-6B                   
1 28414U 04035B   21276.20287316  .00000437  00000-0  45891-4 0  9993
2 28414  97.7365 295.6976 0006730 173.5420 186.5889 14.94383356929539
COSMOS 2408             
1 28419U 04037A   21275.75331988  .00000007  00000-0 -24091-4 0  9997
2 28419  82.4870 322.3117 0017316  76.7911 283.5098 12.45626519774120
COSMOS 2409             
1 28420U 04037B   21275.71106996 -.00000010  00000-0 -13994-3 0  9998
2 28420  82.4872 324.8339 0015031  85.4855 274.7942 12.45279155773931
AMC-15                  
1 28446U 04041A   21276.15953678 -.00000092  00000-0  00000+0 0  9996
2 28446   0.0435  42.1584 0002575 154.7586 127.5771  1.00271907 62114
JB-3 3 (ZY 2C)          
1 28470U 04044A   21276.11821590  .00001094  00000-0  83259-4 0  9993
2 28470  97.2679 140.7712 0046285  39.9954 320.4666 15.03214555928567
NAVSTAR 56 (USA 180)    
1 28474U 04045A   21275.41403382 -.00000064  00000-0  00000-0 0  9991
2 28474  55.2463  33.8156 0205637 274.4803  91.4178  2.00552881123961
SWIFT                   
1 28485U 04047A   21275.80512371  .00001925  00000-0  10037-3 0  9997
2 28485  20.5575 316.9542 0010686 274.7012  85.2201 15.05162790924668
NANOSAT-1               
1 28493U 04049B   21275.79270893  .00000219  00000-0  41315-4 0  9995
2 28493  98.1123  11.5755 0005383  49.1435 311.0239 14.73718925901917
COSMOS 2414             
1 28521U 05002A   21276.12105663  .00000018  00000-0  16645-5 0  9993
2 28521  82.9462 262.7576 0039713 185.3570 174.7174 13.87638130845860
NSS-10 (AMC-12)         
1 28526U 05003A   21276.11715861 -.00000252  00000-0  00000+0 0  9998
2 28526   2.1473  89.9711 0002886 107.9432 178.8840  1.00271241 61097
XTAR-EUR                
1 28542U 05005A   21274.88935415  .00000149  00000-0  00000-0 0  9994
2 28542   0.0210 194.4864 0002386 355.0418 170.4673  1.00271350 60943
XM-3 (RHYTHM)           
1 28626U 05008A   21275.39487369 -.00000208  00000-0  00000-0 0  9994
2 28626   0.0089 221.9030 0000913 221.8301 344.6705  1.00269581 25389
INMARSAT 4-F1           
1 28628U 05009A   21276.11622892 -.00000260  00000-0  00000+0 0  9997
2 28628   3.4329  32.1913 0002803 168.6332 356.5828  1.00272549 60430
IRS-P5 (CARTOSAT-1)     
1 28649U 05017A   21275.90814611  .00000238  00000-0  34902-4 0  9994
2 28649  97.7573 339.1318 0001521  38.0552 322.0769 14.83826868888545
NOAA 18                 
1 28654U 05018A   21276.10658569  .00000106  00000-0  81519-4 0  9992
2 28654  98.9837 341.3464 0013765 342.3023  17.7667 14.12642904843737
DIRECTV 8               
1 28659U 05019A   21275.60843144 -.00000002  00000-0  00000-0 0  9995
2 28659   0.0167 214.3461 0003021 343.8111 273.3909  1.00272196 59841
GALAXY 28 (G-28)        
1 28702U 05022A   21275.55948125 -.00000188  00000-0  00000-0 0  9992
2 28702   0.0202 195.0488 0000750 335.4514 313.4161  1.00270759 34756
EXPRESS-AM3             
1 28707U 05023A   21275.14910416  .00000134  00000-0  00000-0 0  9995
2 28707   2.9358  86.0806 0001189 109.9846 251.7703  1.00277096 59604
SJ-7                    
1 28737U 05024A   21275.93659571  .00001265  00000-0  11539-3 0  9996
2 28737  97.7051 272.7818 0034971 105.0933 255.4162 14.96441798889472
THAICOM 4               
1 28786U 05028A   21275.88820646 -.00000365  00000-0  00000-0 0  9990
2 28786   0.0182 197.1896 0002589 359.9122 253.9902  1.00271373 35024
GALAXY 14 (G-14)        
1 28790U 05030A   21275.93243715  .00000153  00000-0  00000-0 0  9994
2 28790   0.6125  94.4866 0002723 112.4290 173.5444  1.00272905 59077
REIMEI (INDEX)          
1 28810U 05031B   21275.88598368  .00000680  00000-0  74671-4 0  9993
2 28810  98.0947 327.4770 0029151  83.8506 276.6031 14.90824661873730
ANIK F1R                
1 28868U 05036A   21275.61750554 -.00000077  00000-0  00000-0 0  9991
2 28868   0.0382  62.2596 0000557 144.5725 279.7176  1.00271834 29222
NAVSTAR 57 (USA 183)    
1 28874U 05038A   21275.74667421 -.00000056  00000-0  00000-0 0  9991
2 28874  56.2159 341.6212 0138608 271.0490  87.4077  2.00564100117366
GALAXY 15 (G-15)        
1 28884U 05041A   21275.59709063  .00000076  00000-0  00000-0 0  9999
2 28884   0.0265 104.0719 0001838  90.1299 259.2887  1.00271829 58371
SYRACUSE 3A             
1 28885U 05041B   21276.08906983  .00000127  00000-0  00000+0 0  9991
2 28885   0.4766  96.3723 0002733  89.1290 265.5867  1.00270174 58509
BEIJING 1               
1 28890U 05043A   21276.16856851  .00000129  00000-0  35500-4 0  9996
2 28890  98.0888  38.8123 0013993 259.7380 100.2247 14.61349579849550
SINAH 1                 
1 28893U 05043D   21275.92379967  .00000074  00000-0  24140-4 0  9997
2 28893  98.0828  39.8970 0013929 259.2145 100.7488 14.61587606849334
CUBESAT XI-V            
1 28895U 05043F   21275.59796506  .00000344  00000-0  74638-4 0  9991
2 28895  98.0738  46.5860 0015773 230.0067 129.9751 14.63968728849682
INMARSAT 4-F2           
1 28899U 05044A   21275.63570472  .00000010  00000-0  00000-0 0  9991
2 28899   3.3121  34.7930 0002832 169.0857 100.4571  1.00271631 58287
SPACEWAY 2              
1 28903U 05046B   21275.69309946  .00000102  00000-0  00000-0 0  9993
2 28903   1.3001  90.2731 0000352 129.7422 262.2395  1.00271902 34118
COSMOS 2416             
1 28908U 05048A   21275.88259424  .00000037  00000-0  16250-3 0  9990
2 28908  82.4693 326.3905 0008443  54.4510 119.9227 12.55511396723266
METEOSAT-9 (MSG-2)      
1 28912U 05049B   21275.64966483  .00000019  00000-0  00000-0 0  9993
2 28912   5.4405  67.8223 0000650  36.4838 144.4869  1.00273887 57805
EUTELSAT 174A           
1 28924U 05052A   21275.82724097  .00000007  00000-0  00000-0 0  9990
2 28924   0.0092  28.6024 0006482 167.9781 286.9791  1.00269313 35105
ECHOSTAR 10             
1 28935U 06003A   21275.61523201 -.00000058  00000-0  00000-0 0  9997
2 28935   0.0286  75.0888 0001537 142.6055 265.1626  1.00272775 57247
SPAINSAT                
1 28945U 06007A   21276.04998785 -.00000218  00000-0  00000+0 0  9990
2 28945   0.0290 231.3256 0005505 332.8867 155.7872  1.00273295 57001
EUTELSAT HOTBIRD 13E    
1 28946U 06007B   21275.65212240  .00000085  00000-0  00000-0 0  9994
2 28946   0.0503 148.9025 0006994  45.8085  64.6499  1.00273368 57073
JCSAT-5A                
1 29045U 06010A   21275.96242910 -.00000330  00000-0  00000+0 0  9993
2 29045   0.0101 189.4038 0001882   8.1581 292.8742  1.00272666 56712
FORMOSAT-3 FM6          
1 29047U 06011A   21275.92353009  .00000161  00000-0  79220-4 0  9990
2 29047  71.9779 225.5696 0051678 324.9929  34.7813 14.28840908808774
FORMOSAT-3 FM1          
1 29048U 06011B   21276.09388721  .00000107  00000-0  58456-4 0  9997
2 29048  71.9651 135.5866 0045436 285.2144  74.3971 14.28805765811283
FORMOSAT-3 FM5          
1 29049U 06011C   21275.78919359  .00000125  00000-0  65539-4 0  9990
2 29049  72.0200 310.5449 0036811 306.6540  53.1214 14.28888028807028
FORMOSAT-3 FM3          
1 29050U 06011D   21275.81564659  .00000426  00000-0  99154-4 0  9999
2 29050  72.0169  48.2309 0049922 188.3747 171.6579 14.59125721825203
FORMOSAT-3 FM4          
1 29051U 06011E   21275.91804632  .00000088  00000-0  50093-4 0  9992
2 29051  72.0053 211.4155 0068541 189.5184 170.4659 14.28919457809622
FORMOSAT-3 FM2          
1 29052U 06011F   21276.09267684  .00000117  00000-0  62083-4 0  9998
2 29052  72.0326 286.6795 0042419 266.5439  93.0845 14.29029496808032
ASTRA 1KR               
1 29055U 06012A   21275.65783854  .00000117  00000-0  00000-0 0  9992
2 29055   0.0153 233.3153 0005170 341.7525  52.5621  1.00273406 28499
EROS B                  
1 29079U 06014A   21276.17594075  .00005349  00000-0  22386-3 0  9999
2 29079  97.4161  35.2109 0008781  96.9057  24.3142 15.23957300857198
CLOUDSAT                
1 29107U 06016A   21275.86980104  .00000202  00000-0  49079-4 0  9992
2 29107  98.2897 229.2418 0003950  44.4654 315.6864 14.62726047821379
CALIPSO                 
1 29108U 06016B   21275.92260863  .00000330  00000-0  74463-4 0  9990
2 29108  98.2869 228.9896 0001362  83.3404 276.7952 14.62600626821374
EWS-G1 (GOES 13)        
1 29155U 06018A   21275.87669365  .00000032  00000-0  00000-0 0  9999
2 29155   0.1416 116.2256 0006932  96.4735 176.4995  1.00269253 26145
EUTELSAT 113 WEST A     
1 29162U 06020A   21275.61296435 -.00000040  00000-0  00000-0 0  9996
2 29162   0.0315  81.8766 0003014 105.8641 291.4817  1.00271426 56242
RESURS-DK 1             
1 29228U 06021A   21275.85052484  .00000485  00000-0  43471-4 0  9995
2 29228  69.9353  65.2176 0001523 110.3787 249.7538 15.02761433843673
GALAXY 16 (G-16)        
1 29236U 06023A   21275.84459740 -.00000129  00000-0  00000-0 0  9994
2 29236   0.0189 181.4780 0002694  17.1073  18.2588  1.00271301 55749
GENESIS 1               
1 29252U 06029A   21275.94996357  .00002058  00000-0  10455-3 0  9999
2 29252  64.5230 195.3395 0054185 300.0167  59.5586 15.18913070839842
ARIRANG-2 (KOMPSAT-2)   
1 29268U 06031A   21276.13697143  .00000151  00000-0  38650-4 0  9992
2 29268  97.9227 151.1464 0018399 102.2135 258.1129 14.62396086810294
EUTELSAT HOTBIRD 13B    
1 29270U 06032A   21276.08226679  .00000084  00000-0  00000+0 0  9990
2 29270   0.0726  12.6241 0001585 229.7354 172.2660  1.00273161 55638
JCSAT-3A                
1 29272U 06033A   21275.96164413 -.00000347  00000-0  00000+0 0  9999
2 29272   0.0197 242.4622 0002283 302.5769 301.0554  1.00274230 55535
SYRACUSE 3B             
1 29273U 06033B   21276.07860365 -.00000046  00000-0  00000+0 0  9998
2 29273   0.0171 130.4892 0004393  55.6043 209.0211  1.00271801 55525
KOREASAT 5 (MUGUNGWHA 5)
1 29349U 06034A   21275.95867872 -.00000361  00000-0  00000+0 0  9999
2 29349   0.0119 212.7781 0002027 358.9803 258.3179  1.00273731 55408
HINODE (SOLAR-B)        
1 29479U 06041A   21275.89520650  .00000169  00000-0  40916-4 0  9994
2 29479  98.1348 289.2171 0018268 319.6042  40.3803 14.64593898803057
NAVSTAR 58 (USA 190)    
1 29486U 06042A   21275.74097882 -.00000001  00000-0  00000-0 0  9995
2 29486  54.7532 219.5296 0101680  16.1895 252.5665  2.00569581109925
DIRECTV 9S              
1 29494U 06043A   21276.16200312 -.00000116  00000-0  00000+0 0  9992
2 29494   0.0217 223.6573 0002916 329.6907 135.8692  1.00270511 54877
OPTUS D1                
1 29495U 06043B   21275.82444999 -.00000113  00000-0  00000+0 0  9993
2 29495   0.0316  92.7833 0003432 100.6748 275.1131  1.00271617 54915
METOP-A                 
1 29499U 06044A   21276.08646642  .00000027  00000-0  31186-4 0  9993
2 29499  98.4627 311.0078 0001037  65.5821 321.0763 14.21511915776034
SJ-6C                   
1 29505U 06046A   21276.04298063  .00000107  00000-0  14985-4 0  9996
2 29505  97.7977 293.6714 0003201 262.7300  97.3557 14.95265224814220
SJ-6D                   
1 29506U 06046B   21276.18718222  .00000009  00000-0  62368-5 0  9996
2 29506  97.8174 294.0387 0002275  28.4871 331.6479 14.93642696813734
XM-4 (BLUES)            
1 29520U 06049A   21276.15389476 -.00000026  00000-0  00000+0 0  9996
2 29520   0.0451 286.9967 0000399 306.1363  79.1421  1.00269874 54763
DMSP 5D-3 F17 (USA 191) 
1 29522U 06050A   21276.08688508  .00000055  00000-0  52037-4 0  9993
2 29522  98.7819 290.8127 0008700 273.9840  86.0339 14.14045429769523
BADR-4                  
1 29526U 06051A   21276.08660237  .00000142  00000-0  00000+0 0  9992
2 29526   0.0599 326.2216 0004675 274.3517 188.6344  1.00270063 54666
NAVSTAR 59 (USA 192)    
1 29601U 06052A   21275.31745187  .00000032  00000-0  00000-0 0  9999
2 29601  55.6959 282.2328 0080252  69.9997 290.8988  2.00563881108930
WILDBLUE-1              
1 29643U 06054A   21276.15630694 -.00000052  00000-0  00000+0 0  9998
2 29643   0.0190 173.1067 0001593  23.0090 121.0711  1.00271660 54312
AMC-18                  
1 29644U 06054B   21276.06316602 -.00000219  00000-0  00000+0 0  9994
2 29644   0.0288  89.5544 0002505 110.3394 111.8624  1.00272047 54312
COSMOS 2425 [GLONASS-M] 
1 29670U 06062A   21276.00792632  .00000045  00000-0  00000+0 0  9993
2 29670  64.8193 251.8144 0024269 340.8714 247.5589  2.13115205114963
COROT                   
1 29678U 06063A   21275.81756451  .00000510  00000-0  11215-3 0  9990
2 29678  90.0539  22.4660 0200277 204.4843 154.6751 14.44534196766473
LAPAN-TUBSAT            
1 29709U 07001A   21276.11012756  .00000134  00000-0  23416-4 0  9994
2 29709  97.9255 235.4434 0013399  19.2083 340.9629 14.82310309796386
CARTOSAT-2 (IRS-P7)     
1 29710U 07001B   21275.88305979  .00007492  00000-0  22603-3 0  9991
2 29710  97.8708   3.2405 0167056 234.5932 123.9604 15.21949576796980
THEMIS A                
1 30580U 07004A   21274.98763495 -.00000166  00000-0 -44634-1 0  9991
2 30580  16.1857   7.9691 8386839 117.1632 346.3787  0.87835111 26161
OE (NEXTSAT)            
1 30774U 07006C   21275.95914526  .00008655  00000-0  17579-3 0  9998
2 30774  46.0014 356.7314 0004646  27.3495 332.7655 15.46874465813897
FALCONSAT-3             
1 30776U 07006E   21275.88635219  .00010015  00000-0  22945-3 0  9997
2 30776  35.4335 129.2035 0001865 207.6602 152.4027 15.42011992809690
CFESAT                  
1 30777U 07006F   21275.78417059  .00010889  00000-0  25557-3 0  9998
2 30777  35.4234 168.6403 0004237 196.6656 163.3933 15.41262308809254
INSAT-4B                
1 30793U 07007A   21275.88140344 -.00000191  00000-0  00000-0 0  9997
2 30793   1.5819  92.4727 0005889 136.3680 185.8143  1.00273213 24977
SKYNET 5A               
1 30794U 07007B   21275.88332223 -.00000274  00000-0  00000-0 0  9999
2 30794   1.7009  89.6734 0003585 106.5217 228.8353  1.00273514 53464
THEMIS D                
1 30797U 07004D   21276.07180061 -.00000060  00000-0  00000+0 0  9994
2 30797  12.9424 355.8873 8361720 131.7071 336.7667  0.87838091 50395
THEMIS E                
1 30798U 07004E   21275.24521437 -.00000123  00000-0  00000-0 0  9990
2 30798  12.9835   7.7637 8347546 122.4304  61.4796  0.87841724 50807
ANIK F3                 
1 31102U 07009A   21276.15147071 -.00000004  00000-0  00000+0 0  9991
2 31102   0.0034 102.8107 0001538  94.1824 110.9133  1.00271267 53103
HAIYANG-1B              
1 31113U 07010A   21276.11356375  .00000014  00000-0  21443-4 0  9999
2 31113  98.3490 307.0278 0012678 253.1488 106.8305 14.30278695755720
SAUDISAT 3              
1 31118U 07012B   21275.87932734  .00000082  00000-0  22011-4 0  9994
2 31118  97.9319 224.7043 0013945 299.2633  60.7178 14.69220195775335
SAUDICOMSAT 7           
1 31119U 07012C   21276.08199888  .00000130  00000-0  35046-4 0  9990
2 31119  98.1492 219.8933 0059980 175.5506 184.6241 14.61895115771153
SAUDICOMSAT 6           
1 31121U 07012E   21276.08243644  .00000141  00000-0  39596-4 0  9999
2 31121  98.1944 215.1359 0075172 273.6363  85.6242 14.58690831769490
SAUDICOMSAT 5           
1 31124U 07012H   21275.83471404  .00000159  00000-0  39288-4 0  9998
2 31124  98.1169 221.5454 0052578 126.1335 234.4750 14.63602997771904
SAUDICOMSAT 3           
1 31125U 07012J   21275.79946991  .00000232  00000-0  51301-4 0  9994
2 31125  98.0815 223.3866 0044555  77.2053 283.4124 14.65386825772842
SAUDICOMSAT 4           
1 31127U 07012L   21275.82452033  .00000126  00000-0  35304-4 0  9996
2 31127  98.1733 217.8665 0066966 222.6038 136.9957 14.60408606770276
AGILE                   
1 31135U 07013A   21275.40016025  .00004938  00000-0  11003-3 0  9991
2 31135   2.4672  99.6868 0011295 357.4382   2.5614 15.34087669437216
AIM                     
1 31304U 07015A   21275.69445686  .00003044  00000-0  16786-3 0  9991
2 31304  97.8576 180.9536 0005138 163.5452 196.5947 15.14777567792144
ASTRA 1L                
1 31306U 07016A   21275.65797213  .00000117  00000-0  00000-0 0  9993
2 31306   0.0466 342.0754 0003359 260.2359  25.3484  1.00272967 27798
GALAXY 17 (G-17)        
1 31307U 07016B   21275.84608010 -.00000177  00000-0  00000-0 0  9998
2 31307   0.0197 230.0371 0003152 330.7296  24.6238  1.00272068 52570
YAOGAN 2                
1 31490U 07019A   21275.99268726  .00000237  00000-0  41127-4 0  9991
2 31490  98.2163  57.7805 0021175  36.0299 324.2333 14.77104264773570
GLOBALSTAR M065         
1 31571U 07020A   21275.81572225 -.00000106  00000-0 -12534-4 0  9993
2 31571  51.9935  26.1307 0001056  83.7657  83.4884 12.62267836662516
GLOBALSTAR M069         
1 31573U 07020C   21275.90901321 -.00000079  00000-0  13854-3 0  9991
2 31573  51.9972 342.0715 0000652  69.4496 101.1369 12.62265195663642
GLOBALSTAR M072         
1 31574U 07020D   21275.97958135 -.00000100  00000-0  23451-4 0  9994
2 31574  52.0083  76.9007 0000342  91.3235  60.3717 12.62269615662087
GLOBALSTAR M071         
1 31576U 07020F   21275.93563148 -.00000075  00000-0  15969-3 0  9993
2 31576  52.0090 346.3835 0001039  34.2027 136.9537 12.62265192324833
COSMO-SKYMED 1          
1 31598U 07023A   21276.11919288 -.00000192  00000-0 -17496-4 0  9990
2 31598  97.8929  98.5034 0001308  90.8350 269.3001 14.82151418774844
TERRASAR-X              
1 31698U 07026A   21276.09878486 -.00000710  00000-0 -30640-4 0  9997
2 31698  97.4462 282.3872 0001949  81.1699   1.2672 15.19145955793057
GENESIS 2               
1 31789U 07028A   21275.32144002  .00001511  00000-0  83872-4 0  9998
2 31789  64.4924 239.9992 0016447   9.2014 350.9407 15.17947750786702
COSMOS 2428             
1 31792U 07029A   21275.63680062  .00000322  00000-0  20074-3 0  9991
2 31792  70.9174   0.8249 0005575  76.1263 284.0477 14.12365474735444
ZHONGXING-6B            
1 31800U 07031A   21276.15307958 -.00000364  00000-0  00000+0 0  9992
2 31800   0.0039 180.7525 0003269  11.2381 350.7196  1.00270026 52242
DIRECTV 10              
1 31862U 07032A   21275.62204942 -.00000106  00000-0  00000-0 0  9996
2 31862   0.0094 303.5087 0000102 245.2486 303.9637  1.00271336 28379
SPACEWAY 3              
1 32018U 07036A   21275.84538235 -.00000154  00000-0  00000-0 0  9996
2 32018   0.0217   7.0711 0000085 168.3600  45.7450  1.00271684 29329
BSAT-3A                 
1 32019U 07036B   21276.02976149 -.00000353  00000-0  00000+0 0  9998
2 32019   0.0291 200.5539 0004057  16.7565 275.2272  1.00273557 51833
WORLDVIEW-1 (WV-1)      
1 32060U 07041A   21275.91521259  .00002664  00000-0  11172-3 0  9997
2 32060  97.3836  33.9270 0000838 283.8698  76.2446 15.24359879781150
OPTUS D2                
1 32252U 07044A   21275.82288007 -.00000186  00000-0  00000-0 0  9997
2 32252   0.0229 272.5122 0003624 277.3986 270.0968  1.00273448 51341
INTELSAT 11 (IS-11)     
1 32253U 07044B   21276.06924446 -.00000271  00000-0  00000+0 0  9993
2 32253   0.0253 179.5448 0001638  17.7629 156.6413  1.00268876 51308
WGS F1 (USA 195)        
1 32258U 07046A   21275.87549566  .00000038  00000-0  00000-0 0  9995
2 32258   0.0163 132.7944 0000783  96.0525 104.1347  1.00269453 35140
NAVSTAR 60 (USA 196)    
1 32260U 07047A   21275.12165798  .00000024  00000-0  00000-0 0  9993
2 32260  53.2504 151.2503 0135332  58.7524 302.6532  2.00561904102336
GLOBALSTAR M067         
1 32263U 07048A   21275.84766663 -.00000102  00000-0 -33830-4 0  9994
2 32263  51.9751  35.6211 0000693  18.5644 123.6000 12.40601902641503
GLOBALSTAR M070         
1 32264U 07048B   21276.13122400 -.00000078  00000-0  14586-3 0  9990
2 32264  51.9744 290.1983 0001154  68.3229 332.7109 12.62265149643772
GLOBALSTAR M066         
1 32265U 07048C   21275.92275444 -.00000082  00000-0  11934-3 0  9993
2 32265  51.9663 153.2590 0001155 117.9642 255.2187 12.62269420645039
COSMOS 2433 [GLONASS-M] 
1 32275U 07052A   21275.47050716 -.00000066  00000-0  00000-0 0  9993
2 32275  66.0747  13.2338 0003536 209.4204 135.3258  2.13104243108465
COSMOS 2432 [GLONASS-M] 
1 32276U 07052B   21275.58354755 -.00000066  00000-0  00000-0 0  9996
2 32276  66.0881  13.3262 0007794 325.1286  55.3414  2.13103449108471
YAOGAN 3                
1 32289U 07055A   21276.15499435  .00000391  00000-0  57127-4 0  9998
2 32289  97.9705 294.8801 0001018  94.6684 265.4655 14.81121643750952
STAR ONE C1             
1 32293U 07056A   21275.85140039 -.00000279  00000-0  00000-0 0  9993
2 32293   0.3180  95.9721 0003190 114.7910  42.5360  1.00270000 34548
SKYNET 5B               
1 32294U 07056B   21276.08660237  .00000140  00000-0  00000+0 0  9992
2 32294   0.8812  90.1868 0003673  97.6605 240.4638  1.00269377 50967
ASTRA 4A (SIRIUS 4)     
1 32299U 07057A   21276.09215932  .00000030  00000-0  00000+0 0  9995
2 32299   0.0400  68.6943 0002580 126.3101 215.0253  1.00273210 50735
COSMO-SKYMED 2          
1 32376U 07059A   21276.15294844  .00000395  00000-0  56155-4 0  9990
2 32376  97.8927  98.5434 0001400  89.0829 271.0527 14.82157411747599
RADARSAT-2              
1 32382U 07061A   21276.19680649  .00000099  00000-0  55227-4 0  9996
2 32382  98.5790 281.8820 0001153  99.1182 327.6571 14.29984457720538
NAVSTAR 61 (USA 199)    
1 32384U 07062A   21275.44561498 -.00000059  00000-0  00000-0 0  9998
2 32384  56.3269 342.3620 0017630 140.5576 223.1544  2.00575908101041
HORIZONS 2              
1 32388U 07063B   21276.09657058 -.00000184  00000-0  00000+0 0  9991
2 32388   0.0185 185.7375 0002386  21.5327 284.3642  1.00268199 50656
COSMOS 2434 [GLONASS-M] 
1 32393U 07065A   21275.93992243  .00000043  00000-0  00000-0 0  9993
2 32393  64.4378 250.2262 0000562 166.7354  66.8311  2.13103043107187
COSMOS 2436 [GLONASS-M] 
1 32395U 07065C   21275.58579060  .00000045  00000-0  00000-0 0  9996
2 32395  64.4467 250.2928 0014606 350.0937 107.8410  2.13102891107115
THURAYA-3               
1 32404U 08001A   21275.88401998 -.00000302  00000-0  00000-0 0  9992
2 32404   3.8943  18.5980 0003135 126.9759 283.0138  1.00271581 50267
EXPRESS-AM33            
1 32478U 08003A   21276.07746979 -.00000090  00000-0  00000+0 0  9991
2 32478   0.4096  95.8032 0000151 199.6513  93.5248  1.00272689 50385
THOR 5                  
1 32487U 08006A   21276.09215932 -.00000012  00000-0  00000+0 0  9990
2 32487   0.0356 254.4879 0002504 311.0808 198.9000  1.00272677 49957
AMC-14                  
1 32708U 08011A   21275.89982844  .00000090  00000-0  00000-0 0  9998
2 32708  21.6892  41.3928 0034641   7.0771 305.2934  1.00272778 50923
NAVSTAR 62 (USA 201)    
1 32711U 08012A   21275.53798412 -.00000002  00000-0  00000-0 0  9994
2 32711  54.5079 218.5317 0154647 228.5247 130.1244  2.00556173 99282
DIRECTV 11              
1 32729U 08013A   21276.16359931 -.00000129  00000-0  00000+0 0  9992
2 32729   0.0229  55.1304 0000143  93.0065 183.6928  1.00272503 49715
ICO G1                  
1 32763U 08016A   21275.91759896 -.00000171  00000-0  00000+0 0  9996
2 32763   3.8278  21.9041 0002454 155.5334  71.9100  1.00271438 49231
VINASAT-1               
1 32767U 08018A   21275.89064856 -.00000331  00000-0  00000-0 0  9993
2 32767   0.0149 272.0556 0001869 299.5196 252.8506  1.00272690 49371
STAR ONE C2             
1 32768U 08018B   21275.56331885 -.00000267  00000-0  00000-0 0  9995
2 32768   0.0426 120.6735 0002829  47.2429 336.4041  1.00271646 49442
TIANLIAN 1-01           
1 32779U 08019A   21275.90197146 -.00000139  00000-0  00000-0 0  9994
2 32779   5.1582  70.1885 0027216 269.5652  76.8304  1.00271533 49231
CARTOSAT-2A             
1 32783U 08021A   21276.13676418  .00000390  00000-0  60360-4 0  9999
2 32783  97.9954 333.5593 0011392 278.8984  81.0959 14.78626868724990
CUTE-1.7+APD II (CO-65) 
1 32785U 08021C   21275.73567478  .00000760  00000-0  86698-4 0  9994
2 32785  97.6234 250.4831 0013344  14.7196 345.4408 14.88820539728131
AAUSAT-II               
1 32788U 08021F   21275.93181401  .00002027  00000-0  18649-3 0  9995
2 32788  97.5134 266.1350 0009807 269.6965  90.3133 14.95798744730028
DELFI-C3 (DO-64)        
1 32789U 08021G   21276.08755514  .00004423  00000-0  27922-3 0  9991
2 32789  97.3695 307.2952 0013100 127.6605 232.5815 15.09506094733165
CANX-2                  
1 32790U 08021H   21275.91812562  .00000677  00000-0  78569-4 0  9992
2 32790  97.6330 249.1311 0014139  18.4271 341.7456 14.88447846728127
SEEDS II (CO-66)        
1 32791U 08021J   21275.70516587  .00001187  00000-0  12363-3 0  9994
2 32791  97.5821 256.2545 0012530 335.7525  24.3103 14.91549324728840
AMOS-3                  
1 32794U 08022A   21276.09215932 -.00000037  00000-0  00000+0 0  9996
2 32794   0.0231 126.3072 0002667  47.0279 227.7710  1.00273173 49221
GALAXY 18 (G-18)        
1 32951U 08024A   21275.60502767  .00000022  00000-0  00000-0 0  9998
2 32951   0.0170 223.8585 0002905 325.6311 276.8671  1.00272670 28620
YUBILEINY (RS-30)       
1 32953U 08025A   21276.07523794  .00000021  00000-0  80971-4 0  9994
2 32953  82.5073 344.0048 0020665 102.5546 257.7848 12.43104843606355
COSMOS 2437             
1 32954U 08025B   21276.17702597  .00000010  00000-0  80408-6 0  9991
2 32954  82.5075 345.4019 0021832 115.3369 244.9974 12.42711740606204
COSMOS 2438             
1 32955U 08025C   21275.72701473  .00000015  00000-0  34573-4 0  9999
2 32955  82.5068 342.2454 0022520  96.5591 263.8052 12.43316369606449
COSMOS 2439             
1 32956U 08025D   21276.17575935  .00000011  00000-0  72776-5 0  9996
2 32956  82.5128 345.6409 0022162 104.1803 256.1746 12.43018057606356
FENGYUN 3A              
1 32958U 08026A   21275.90148816  .00000030  00000-0  34525-4 0  9993
2 32958  98.4636 244.6160 0009695  52.6178 307.5880 14.18669781691813
CHINASAT 9 (ZX 9)       
1 33051U 08028A   21275.88271170 -.00000251  00000-0  00000-0 0  9990
2 33051   0.0187 235.9154 0003752 315.5922 230.3392  1.00272568 48806
FGRST (GLAST)           
1 33053U 08029A   21275.88616701  .00000969  00000-0  38518-4 0  9990
2 33053  25.5817 122.5399 0012536  76.8949 283.2985 15.11606324734678
SKYNET 5C               
1 33055U 08030A   21275.45743729 -.00000142  00000-0  00000-0 0  9993
2 33055   0.0678 350.8668 0003510 201.0049 326.4176  1.00270876 48721
TURKSAT 3A              
1 33056U 08030B   21275.93243715  .00000143  00000-0  00000-0 0  9997
2 33056   0.0675  87.3200 0004104  83.3590 218.8773  1.00273475 35120
INTELSAT 25 (IS-25)     
1 33153U 08034A   21276.02062956 -.00000226  00000-0  00000+0 0  9998
2 33153   0.0164 221.3852 0002771 328.5465 157.9623  1.00272423 48412
BADR-6                  
1 33154U 08034B   21275.89841081  .00000142  00000-0  00000-0 0  9994
2 33154   0.0762  57.0023 0002573 142.9963 161.2763  1.00273432 48528
ECHOSTAR 11             
1 33207U 08035A   21276.15710681 -.00000060  00000-0  00000+0 0  9994
2 33207   0.0321  78.4449 0002569 111.9578 128.2568  1.00271797 48438
SUPERBIRD-C2            
1 33274U 08038A   21275.82131014 -.00000253  00000-0  00000-0 0  9996
2 33274   0.0171 233.3990 0001804 330.1779 247.8207  1.00272825 88498
AMC-21                  
1 33275U 08038B   21275.60389266  .00000033  00000-0  00000-0 0  9992
2 33275   0.0354  66.0432 0002558 135.9554 262.0639  1.00272364 48260
INMARSAT 4-F3           
1 33278U 08039A   21276.08569848 -.00000140  00000-0  00000+0 0  9994
2 33278   3.2346  17.1142 0002974 179.3975 108.3515  1.00271105 48037
HUANJING 1A (HJ-1A)     
1 33320U 08041A   21276.11459484  .00000106  00000-0  21652-4 0  9995
2 33320  97.7131 315.7898 0021023 352.4793   7.6110 14.77680108704382
HUANJING 1B (HJ-1B)     
1 33321U 08041B   21276.09492965  .00000280  00000-0  45946-4 0  9999
2 33321  97.7331 318.8083 0035088   8.7109 351.4724 14.77429094704389
GEOEYE 1                
1 33331U 08042A   21276.17916193  .00000102  00000-0  28303-4 0  9995
2 33331  98.1411 349.4992 0008972  12.8213 347.3228 14.64358964698712
NIMIQ 4                 
1 33373U 08044A   21275.84799889 -.00000223  00000-0  00000-0 0  9992
2 33373   0.0175 142.2653 0001995  52.6929  40.1245  1.00271427 47757
GALAXY 19 (G-19)        
1 33376U 08045A   21275.84503347 -.00000142  00000-0  00000-0 0  9998
2 33376   0.0126 149.1312 0002933  43.6346  26.2489  1.00271773 47670
THEOS                   
1 33396U 08049A   21276.17737711  .00000021  00000-0  30190-4 0  9997
2 33396  98.6807 341.7748 0001020 108.0757 304.7545 14.20052471674156
SJ-6E                   
1 33408U 08053A   21275.84241150  .00001676  00000-0  15964-3 0  9994
2 33408  97.8228 254.7257 0019752  54.2859 306.0183 14.94621423705004
SJ-6F                   
1 33409U 08053B   21276.04286118  .00000807  00000-0  78778-4 0  9999
2 33409  97.8023 255.8520 0016566  17.6903 342.4896 14.95133329705386
COSMO-SKYMED 3          
1 33412U 08054A   21276.13605907  .00000073  00000-0  15706-4 0  9992
2 33412  97.8924  98.5185 0001431  88.1398 271.9975 14.82154354700055
SHIYAN 3 (SY-3)         
1 33433U 08056A   21276.11995271  .00000029  00000-0  28458-4 0  9990
2 33433  98.7068 282.7876 0014442 131.6765 228.5665 14.29816324673617
CHUANGXIN 1-02 (CX-1-02)
1 33434U 08056B   21276.07033394 -.00000015  00000-0  11718-4 0  9992
2 33434  98.7119 282.4934 0015049 132.5257 227.7202 14.29491258673496
ASTRA 1M                
1 33436U 08057A   21276.08348785  .00000117  00000-0  00000+0 0  9998
2 33436   0.0243 128.0533 0004716  41.1287 252.0908  1.00273454 47253
YAOGAN 4                
1 33446U 08061A   21275.84904797  .00000220  00000-0  38133-4 0  9996
2 33446  97.7844 219.3255 0014909 246.9871 112.9767 14.77149340691568
CIEL-2                  
1 33453U 08063A   21275.60049088  .00000055  00000-0  00000-0 0  9997
2 33453   0.0147 161.6784 0003125  47.7133 249.4903  1.00272005 46908
EUTELSAT HOTBIRD 13C    
1 33459U 08065A   21276.08226679  .00000085  00000-0  00000+0 0  9993
2 33459   0.0570  37.6667 0004012 134.0832 242.8947  1.00273799 47028
EUTELSAT 48D            
1 33460U 08065B   21276.07720814 -.00000102  00000-0  00000+0 0  9995
2 33460   0.8115  95.7649 0003260  98.4752 193.0616  1.00271698 46885
FENGYUN 2E              
1 33463U 08066A   21275.90031405 -.00000200  00000-0  00000-0 0  9991
2 33463   5.3399  66.6712 0002711 334.3380  21.4840  1.00269314 46851
GOSAT (IBUKI)           
1 33492U 09002A   21275.89031570  .00000220  00000-0  47309-4 0  9993
2 33492  98.0968  26.3411 0001421  82.5471 277.5895 14.67534489679449
STARS (KUKAI)           
1 33498U 09002G   21275.93917810  .00000513  00000-0  76057-4 0  9991
2 33498  98.1966 158.2250 0011144   7.8329 352.3054 14.79431083683358
KKS-1 (KISEKI)          
1 33499U 09002H   21275.87620940  .00000268  00000-0  46997-4 0  9997
2 33499  98.2512 148.1476 0010281  61.8700 298.3546 14.75705990682259
NOAA 19                 
1 33591U 09005A   21276.08015424  .00000076  00000-0  66461-4 0  9997
2 33591  99.1788 299.4279 0013836 186.7260 173.3728 14.12498443652114
EXPRESS-AM44            
1 33595U 09007A   21275.93799443 -.00000091  00000-0  00000-0 0  9997
2 33595   0.0287 306.5666 0000282 315.9057  76.0889  1.00272163 46323
NSS-9                   
1 33749U 09008A   21275.82907256  .00000069  00000-0  00000-0 0  9994
2 33749   0.0410  65.6602 0002012 134.3270 293.3247  1.00270972 46304
EUTELSAT 33E            
1 33750U 09008B   21275.93243715  .00000153  00000-0  00000-0 0  9995
2 33750   0.0592  21.6928 0003904 163.1819 195.7719  1.00270537 46216
SPIRALE A               
1 33751U 09008C   21275.73690625  .00000085  00000-0  37852-3 0  9992
2 33751   1.9940 134.4217 5396935 126.4531 296.3826  4.58803663182974
SPIRALE B               
1 33752U 09008D   21275.49261738  .00003277  00000-0  87034-3 0  9998
2 33752   1.8423 264.1821 6879736 225.3459  51.5380  2.79579659117842
TELSTAR 11N             
1 34111U 09009A   21276.07223670 -.00000254  00000-0  00000+0 0  9994
2 34111   0.0248 197.9453 0002075 342.6724 179.8144  1.00269053 46196
NAVSTAR 63 (USA 203)    
1 34661U 09014A   21273.72815972  .00000034  00000-0  00000+0 0  9996
2 34661  55.2371 279.7329 0115263  54.5320 146.8499  2.00564348 91767
EUTELSAT 10A            
1 34710U 09016A   21275.65106031  .00000065  00000-0  00000-0 0  9991
2 34710   0.0669   6.1586 0005392 180.8743  68.9430  1.00270360 24021
WGS F2 (USA 204)        
1 34713U 09017A   21276.09116306  .00000065  00000-0  00000+0 0  9999
2 34713   0.0151 128.3073 0000652 166.5492 167.5276  1.00270446 45712
RISAT 2                 
1 34807U 09019A   21276.02189815  .00018479  00000-0  36774-3 0  9992
2 34807  41.2126  12.9536 0004384 109.7135 241.5509 15.46476672699830
YAOGAN 6                
1 34839U 09021A   21275.97812850  .00001820  00000-0  68918-4 0  9993
2 34839  97.0576 264.1434 0028571 133.7045 226.6569 15.27748159691925
SES-7 (PROTOSTAR 2)     
1 34941U 09027A   21276.02949984 -.00000348  00000-0  00000+0 0  9997
2 34941   0.0729  91.4062 0001875 144.3209 255.1154  1.00271892 45380
MEASAT-3A               
1 35362U 09032A   21275.71507642 -.00000245  00000-0  00000-0 0  9994
2 35362   0.0296 204.5508 0003111   5.1210 150.9344  1.00271410 45019
GOES 14                 
1 35491U 09033A   21275.62091392 -.00000097  00000-0  00000-0 0  9993
2 35491   0.3513 281.0422 0015613 293.1153 276.7203  1.00271848 44887
FM-5                    
1 35493U 09034A   21276.06246828 -.00000203  00000-0  00000+0 0  9999
2 35493   0.0355 305.1547 0000849  81.0904 282.1163  1.00272931 44744
TERRESTAR-1             
1 35496U 09035A   21275.61537253 -.00000057  00000-0  00000-0 0  9996
2 35496   2.8805  32.3905 0002709 159.3630 290.3387  1.00271993 44900
COSMOS 2451             
1 35498U 09036A   21275.79934790 -.00000003  00000-0 -91146-4 0  9992
2 35498  82.4839  78.5669 0006913 351.0411   9.0539 12.40825341554583
COSMOS 2453             
1 35500U 09036C   21275.78211019  .00000016  00000-0  46500-4 0  9993
2 35500  82.4847  75.3775 0006491 311.0262  49.0262 12.41468899554871
DEIMOS-1                
1 35681U 09041A   21276.17026270  .00000004  00000-0  80332-5 0  9995
2 35681  97.7431 135.0036 0001554  30.1237 330.0071 14.71916389653923
DUBAISAT-1              
1 35682U 09041B   21276.03867133  .00000276  00000-0  54907-4 0  9991
2 35682  97.7717  76.3360 0011290 167.7966 192.3510 14.68923656652491
UK-DMC 2                
1 35683U 09041C   21276.14604599  .00000098  00000-0  23297-4 0  9999
2 35683  97.6868  98.4377 0001635  77.5580 282.5798 14.71233218653676
APRIZESAT 4             
1 35684U 09041D   21275.96592771  .00000202  00000-0  34270-4 0  9997
2 35684  98.3135 275.8089 0048355  97.2839 263.3871 14.79404309657042
NANOSAT 1B              
1 35685U 09041E   21275.71416736  .00000272  00000-0  38447-4 0  9994
2 35685  98.2047 327.0608 0058938  18.9845 341.3547 14.84471401658878
APRIZESAT 3             
1 35686U 09041F   21275.76338988  .00000217  00000-0  29635-4 0  9990
2 35686  98.1284 351.5736 0071549 308.6255  50.8569 14.87559128660293
ASIASAT 5               
1 35696U 09042A   21276.02792991 -.00000310  00000-0  00000+0 0  9995
2 35696   0.0421 260.2598 0001628 298.3408 283.9375  1.00270898 44449
NAVSTAR 64 (USA 206)    
1 35752U 09043A   21275.52382404  .00000050  00000-0  00000-0 0  9998
2 35752  54.8809  95.9298 0058875  56.1206 307.1868  2.00572779 88898
JCSAT-RA (JCSAT-12)     
1 35755U 09044A   21275.64256675 -.00000139  00000-0  00000-0 0  9994
2 35755   0.0277 225.7424 0001675 239.9609 297.4968  1.00137609 44376
OPTUS D3                
1 35756U 09044B   21276.14503215 -.00000151  00000-0  00000+0 0  9999
2 35756   0.0217  68.5716 0002313 130.7337  20.9684  1.00268626 44406
METEOR-M 1              
1 35865U 09049A   21275.92144977  .00000031  00000-0  32672-4 0  9997
2 35865  98.4921 250.2309 0001186 246.8923 113.2130 14.22285412625086
NIMIQ 5                 
1 35873U 09050A   21275.68135024 -.00000260  00000-0  00000-0 0  9995
2 35873   0.0195 120.8502 0003071  79.8608 343.5148  1.00272526 44124
OCEANSAT-2              
1 35931U 09051A   21276.13627163 -.00000013  00000-0  77312-5 0  9993
2 35931  98.2945  10.6615 0002626  19.8018 340.3285 14.51003140636955
SWISSCUBE               
1 35932U 09051B   21275.79402062  .00000260  00000-0  69339-4 0  9996
2 35932  98.5947 119.1585 0008532 114.2537 245.9553 14.56586100638586
BEESAT-1                
1 35933U 09051C   21276.09911340  .00000235  00000-0  63572-4 0  9990
2 35933  98.5901 121.2487 0006611 123.4520 236.7310 14.56637774638787
ITUPSAT1                
1 35935U 09051E   21275.54892564  .00000197  00000-0  56158-4 0  9996
2 35935  98.6004 120.7979 0008875 128.3282 231.8713 14.55765539638353
AMAZONAS 2              
1 35942U 09054A   21275.50144089 -.00000285  00000-0  00000-0 0  9995
2 35942   0.0339 135.3620 0004961  43.6027 312.0088  1.00274436 43952
COMSATBW-1              
1 35943U 09054B   21275.74447800  .00000021  00000-0  00000-0 0  9996
2 35943   0.0629  92.8131 0002880  97.1969 152.7239  1.00273511 44070
WORLDVIEW-2 (WV-2)      
1 35946U 09055A   21276.18047286  .00000014  00000-0  19294-4 0  9994
2 35946  98.4772 349.3289 0002071  69.2461 290.8967 14.37675240628941
DMSP 5D-3 F18 (USA 210) 
1 35951U 09057A   21276.08784482  .00000101  00000-0  76527-4 0  9996
2 35951  98.6917 257.2788 0012245  98.7924 261.4636 14.13400302616769
NSS-12                  
1 36032U 09058A   21275.74424380  .00000068  00000-0  00000-0 0  9999
2 36032   0.0300  78.1372 0002808 121.7006 136.7822  1.00272105 43680
THOR 6                  
1 36033U 09058B   21275.64887985 -.00000012  00000-0  00000-0 0  9993
2 36033   0.0171 141.4971 0001712  55.9033  46.9557  1.00272055 43778
SMOS                    
1 36036U 09059A   21276.10383238  .00000086  00000-0  41328-4 0  9993
2 36036  98.4443 102.3367 0001249  83.0261 277.1069 14.39757019626372
PROBA-2                 
1 36037U 09059B   21275.77799269  .00000067  00000-0  27003-4 0  9994
2 36037  98.2240 102.2615 0013307 178.3341 181.7902 14.53165466631834
SJ-11-01                
1 36088U 09061A   21276.09898863  .00000027  00000-0  14853-4 0  9994
2 36088  97.9500 296.9201 0012494  38.4815 321.7289 14.60231615633581
COSMOS 2455             
1 36095U 09063A   21275.93134750 -.00000047  00000-0  20670-4 0  9991
2 36095  67.1461 110.6181 0007373 290.8912  69.1383 13.96773595605331
INTELSAT 14 (IS-14)     
1 36097U 09064A   21276.06924446 -.00000276  00000-0  00000+0 0  9992
2 36097   0.0157 224.4311 0002462 334.2021 153.3200  1.00272406 43469
EUTELSAT 36B            
1 36101U 09065A   21276.01502163  .00000153  00000-0  00000+0 0  9995
2 36101   0.0673   5.2247 0004724 184.6153 223.4279  1.00269855 43589
INTELSAT 15 (IS-15)     
1 36106U 09067A   21275.66606182 -.00000188  00000-0  00000-0 0  9998
2 36106   0.0192 164.6253 0002178  22.0178 149.8975  1.00268958 23990
WGS F3 (USA 211)        
1 36108U 09068A   21275.62050149  .00000016  00000-0  00000-0 0  9992
2 36108   0.0401 101.5615 0003097 190.9036 180.6302  1.00270011 29385
YAOGAN 7                
1 36110U 09069A   21276.05654692  .00000140  00000-0  28445-4 0  9992
2 36110  98.2247 126.9552 0024919 142.7196 217.5748 14.75516521636185
COSMOS 2456 [GLONASS-M] 
1 36111U 09070A   21275.40677450  .00000073  00000-0  00000-0 0  9998
2 36111  64.2920 129.9135 0002579 336.9029  16.7998  2.13099313 91834
COSMOS 2457 [GLONASS-M] 
1 36112U 09070B   21275.69036226  .00000076  00000-0  00000-0 0  9993
2 36112  64.2760 129.7860 0005838 152.8292 183.6643  2.13101467 91844
WISE                    
1 36119U 09071A   21275.68123047  .00002559  00000-0  87280-4 0  9995
2 36119  97.2754 310.2588 0003900 122.0116 238.1505 15.31246346656037
YAOGAN 8                
1 36121U 09072A   21275.77165788  .00000072  00000-0  35214-3 0  9994
2 36121 100.2361 217.3020 0020525 225.5629 134.3799 13.04966049564528
XIWANG-1 (HOPE-1)       
1 36122U 09072B   21275.77093623 -.00000042  00000-0  82350-6 0  9997
2 36122 100.1455 252.0424 0007055 210.5943 149.4760 13.16362844566907
DIRECTV 12              
1 36131U 09075A   21275.62829637 -.00000105  00000-0  00000-0 0  9992
2 36131   0.0153 193.2613 0000047 293.9203   7.8421  1.00267618 29339
BEIDOU 3                
1 36287U 10001A   21275.89239293 -.00000281  00000-0  00000-0 0  9992
2 36287   1.6618  40.9147 0002618  80.8216 351.7863  1.00275020 42935
RADUGA-1M 2             
1 36358U 10002A   21276.02487727 -.00000187  00000-0  00000+0 0  9999
2 36358   0.0838 258.4692 0002855 322.5851 244.8737  1.00272660 42788
SDO                     
1 36395U 10005A   21276.05941566 -.00000046  00000-0  00000+0 0  9996
2 36395  31.1588 113.4273 0000153 265.7632 272.5000  1.00274377 42806
INTELSAT 16 (IS-16)     
1 36397U 10006A   21276.05118865 -.00000247  00000-0  00000+0 0  9990
2 36397   0.0217 166.9346 0001956  26.2299 121.0470  1.00268621 42496
COSMOS 2459 [GLONASS-M] 
1 36400U 10007A   21275.53037549 -.00000066  00000-0  00000+0 0  9996
2 36400  65.9701  12.1429 0024697 349.9832 259.8913  2.13108582 90183
COSMOS 2461 [GLONASS-M] 
1 36401U 10007B   21275.71169171 -.00000066  00000-0  00000-0 0  9995
2 36401  65.9647  12.1001 0018018   9.8157  17.7229  2.13103595 90204
COSMOS 2460 [GLONASS-M] 
1 36402U 10007C   21275.80399684 -.00000065  00000-0  00000-0 0  9999
2 36402  65.9522  12.0520 0001960 160.5094 243.7413  2.13106516 90207
GOES 15                 
1 36411U 10008A   21275.62358660  .00000050  00000-0  00000-0 0  9992
2 36411   0.3809 275.7216 0000835 238.6906 313.9121  1.00261593 42448
YAOGAN 9A               
1 36413U 10009A   21275.77409772 -.00000051  00000-0  42493-4 0  9990
2 36413  63.3835 114.7957 0387943  10.7359  63.2631 13.45202643568774
YAOGAN 9B               
1 36414U 10009B   21276.12394485 -.00000089  00000-0  13349-5 0  9995
2 36414  63.3846 113.4519 0387881  10.1551 350.7033 13.45214498568991
YAOGAN 9C               
1 36415U 10009C   21276.12330132 -.00000066  00000-0  26310-4 0  9991
2 36415  63.3843 114.0981 0388750  10.4388 350.4423 13.45214600568968
ECHOSTAR 14             
1 36499U 10010A   21276.15147455 -.00000003  00000-0  00000+0 0  9996
2 36499   0.0177 222.0214 0002890 326.7529 118.9631  1.00272288 42302
CRYOSAT 2               
1 36508U 10013A   21275.76928761  .00000130  00000-0  31594-4 0  9990
2 36508  92.0211 221.6966 0007756  56.9511 303.2440 14.51906071608748
SES-1                   
1 36516U 10016A   21276.16281271 -.00000117  00000-0  00000+0 0  9994
2 36516   0.0214 279.8617 0002409 277.6650 132.1866  1.00271603 41910